# Created by Octave 4.2.1, Tue Oct 31 16:42:26 2017 MDT <volodymyr@volodymyr-Inspiron-7520>
# name: X
# type: matrix
# rows: 3
# columns: 3
 1 2 3
 2 3 4
 3 4 5


